 Name of the problem: kdd con lambda = 10/N
 Number of variables:   2014670  
 Number of observations:   510302  
-------------------------------------- 
 Iter            f          ||g||     dif_f       alpha      s*y      nnz 
   0    3.588975412e+01   3.654e-01                                 2014670 
   1   3.534822028e+01   3.654e-01   1.51e-02   1.00e+00  4.427e-02 2014630 
   2   3.309190573e+01   3.359e-01   6.38e-02   1.00e+00  3.629e+00 2013790 
   3   3.281588905e+01   1.002e-01   8.34e-03   1.00e+00  1.589e-01 2013425 
   4   3.258002561e+01   4.519e-02   7.19e-03   1.00e+00  2.389e-01 2012406 
   5   3.248136892e+01   7.819e-03   3.03e-03   1.00e+00  9.337e-02 2010869 
   6   3.235613919e+01   1.267e-02   3.86e-03   1.00e+00  4.362e-02 2008266 
   7   3.199157075e+01   5.391e-03   1.13e-02   1.00e+00  1.844e-01 1996468 
   8   3.110072079e+01   8.154e-03   2.78e-02   1.00e+00  5.049e-01 1958360 
   9   2.806913417e+01   1.691e-02   9.75e-02   1.00e+00  6.908e-01 1832375 
  10   1.426886539e+01   1.075e-02   4.92e-01   1.00e+00  2.573e+00 1075470 
  11   3.930988563e+00   8.306e-02   7.25e-01   1.00e+00  8.993e+00  21072 
  12   1.993278425e+00   6.320e-02   4.93e-01   1.00e+00  4.104e-01  23773 
  13   1.538366134e+00   4.285e-02   2.28e-01   4.00e-02  9.240e-02  24166 
  14   1.133176551e+00   2.677e-02   2.63e-01   2.00e-01  6.213e-01  24258 
  15   8.779577905e-01   2.172e-02   2.25e-01   1.00e+00  4.325e-01  24633 
  16   8.597033068e-01   2.308e-02   2.08e-02   1.00e+00  7.344e-01  21390 
  17   7.381021448e-01   6.060e-02   1.41e-01   1.00e+00  4.299e-01  23620 
  18   7.106060782e-01   1.790e-02   3.73e-02   1.00e+00  4.127e-02  23871 
  19   6.974037454e-01   4.718e-03   1.86e-02   1.00e+00  9.761e-02  23512 
  20   6.576167125e-01   9.406e-03   5.71e-02   1.00e+00  8.717e-02  22443 
  21   6.361104062e-01   7.931e-03   3.27e-02   1.00e+00  2.578e-02  22342 
  22   6.196754769e-01   5.116e-03   2.58e-02   1.00e+00  4.050e-02  22154 
  23   6.017247670e-01   1.345e-02   2.90e-02   1.00e+00  4.728e-02  21708 
  24   5.875839614e-01   1.041e-02   2.35e-02   1.00e+00  2.770e-02  21619 
  25   5.748011117e-01   7.446e-03   2.18e-02   1.00e+00  1.154e-02  21210 
  26   5.595240142e-01   2.040e-03   2.66e-02   1.00e+00  1.168e-02  20660 
  27   5.419928341e-01   5.711e-03   3.13e-02   1.00e+00  2.582e-02  19508 
  28   5.239865893e-01   1.037e-02   3.32e-02   1.00e+00  2.497e-02  18540 
  29   5.082139444e-01   8.099e-03   3.01e-02   1.00e+00  1.957e-02  17394 
  30   4.928547774e-01   8.061e-03   3.02e-02   1.00e+00  2.581e-02  16353 
  31   4.772600215e-01   1.184e-02   3.16e-02   1.00e+00  2.318e-02  15605 
  32   4.648691873e-01   8.471e-03   2.60e-02   1.00e+00  1.348e-02  15021 
  33   4.514398164e-01   7.155e-03   2.89e-02   1.00e+00  1.231e-02  14228 
  34   4.392995540e-01   5.897e-03   2.69e-02   1.00e+00  1.522e-02  13393 
  35   4.260428950e-01   1.034e-02   3.02e-02   1.00e+00  1.531e-02  12776 
  36   4.134481008e-01   6.688e-03   2.96e-02   1.00e+00  9.969e-03  12117 
  37   3.988930679e-01   6.573e-03   3.52e-02   1.00e+00  1.767e-02  10849 
  38   3.882713928e-01   1.072e-02   2.66e-02   1.00e+00  1.486e-02  10214 
  39   3.792408871e-01   7.097e-03   2.33e-02   1.00e+00  1.017e-02   9546 
  40   3.711721208e-01   6.915e-03   2.13e-02   1.00e+00  8.708e-03   8913 
  41   3.642234335e-01   6.018e-03   1.87e-02   1.00e+00  8.011e-03   8263 
  42   3.594286798e-01   6.151e-03   1.32e-02   1.00e+00  6.062e-03   7908 
  43   3.557170580e-01   5.243e-03   1.03e-02   1.00e+00  3.934e-03   7679 
  44   3.529336226e-01   3.558e-03   7.82e-03   1.00e+00  4.625e-03   7374 
  45   3.504993500e-01   6.321e-03   6.90e-03   1.00e+00  5.994e-03   7126 
  46   3.485954175e-01   5.669e-03   5.43e-03   1.00e+00  4.348e-03   6997 
  47   3.469518979e-01   4.576e-03   4.71e-03   1.00e+00  3.006e-03   6870 
  48   3.454292880e-01   3.841e-03   4.39e-03   1.00e+00  3.027e-03   6762 
  49   3.440506465e-01   4.504e-03   3.99e-03   1.00e+00  4.055e-03   6635 
  50   3.426742356e-01   5.342e-03   4.00e-03   1.00e+00  4.028e-03   6587 
  51   3.415316736e-01   4.472e-03   3.33e-03   1.00e+00  3.213e-03   6529 
  52   3.403557043e-01   4.527e-03   3.44e-03   1.00e+00  2.321e-03   6516 
  53   3.393119028e-01   2.884e-03   3.07e-03   1.00e+00  2.281e-03   6455 
  54   3.382266412e-01   4.324e-03   3.20e-03   1.00e+00  3.239e-03   6391 
  55   3.374484981e-01   4.299e-03   2.30e-03   1.00e+00  4.111e-03   6374 
  56   3.362491418e-01   5.826e-03   3.55e-03   1.00e+00  2.623e-03   6327 
  57   3.354074476e-01   2.077e-03   2.50e-03   1.00e+00  1.331e-03   6304 
  58   3.344594922e-01   3.319e-03   2.83e-03   1.00e+00  2.161e-03   6223 
  59   3.338899451e-01   3.473e-03   1.70e-03   1.00e+00  4.076e-03   6138 
  60   3.327198516e-01   6.239e-03   3.50e-03   1.00e+00  3.433e-03   6146 
  61   3.321470392e-01   2.771e-03   1.72e-03   1.00e+00  1.960e-03   6125 
  62   3.313917503e-01   3.645e-03   2.27e-03   1.00e+00  1.553e-03   6076 
  63   3.307303499e-01   2.162e-03   2.00e-03   1.00e+00  1.607e-03   5989 
  64   3.301958872e-01   3.415e-03   1.62e-03   1.00e+00  3.101e-03   5900 
  65   3.295928766e-01   4.946e-03   1.83e-03   1.00e+00  3.442e-03   5903 
  66   3.289266057e-01   4.406e-03   2.02e-03   1.00e+00  1.884e-03   5903 
  67   3.285075421e-01   2.356e-03   1.27e-03   1.00e+00  1.135e-03   5873 
  68   3.280383536e-01   2.849e-03   1.43e-03   1.00e+00  1.412e-03   5827 
  69   3.276918020e-01   2.785e-03   1.06e-03   1.00e+00  2.097e-03   5754 
  70   3.271656637e-01   4.160e-03   1.61e-03   1.00e+00  2.199e-03   5733 
  71   3.267259354e-01   3.045e-03   1.34e-03   1.00e+00  1.365e-03   5753 
  72   3.263034051e-01   2.682e-03   1.29e-03   1.00e+00  1.031e-03   5708 
  73   3.259471656e-01   2.104e-03   1.09e-03   1.00e+00  1.392e-03   5603 
  74   3.255316419e-01   3.387e-03   1.27e-03   1.00e+00  2.008e-03   5538 
  75   3.251510083e-01   3.377e-03   1.17e-03   1.00e+00  2.139e-03   5503 
  76   3.246630725e-01   3.823e-03   1.50e-03   1.00e+00  1.471e-03   5467 
  77   3.243520777e-01   2.114e-03   9.58e-04   1.00e+00  1.113e-03   5461 
  78   3.239979142e-01   2.809e-03   1.09e-03   1.00e+00  1.250e-03   5428 
  79   3.237428867e-01   2.520e-03   7.87e-04   1.00e+00  1.512e-03   5364 
  80   3.233622689e-01   3.295e-03   1.18e-03   1.00e+00  1.383e-03   5346 
  81   3.231163975e-01   2.253e-03   7.60e-04   1.00e+00  1.104e-03   5337 
  82   3.228090013e-01   2.701e-03   9.51e-04   1.00e+00  1.137e-03   5343 
  83   3.225812848e-01   2.252e-03   7.05e-04   1.00e+00  1.226e-03   5313 
  84   3.222874324e-01   2.985e-03   9.11e-04   1.00e+00  1.323e-03   5275 
  85   3.221034697e-01   2.486e-03   5.71e-04   1.00e+00  1.441e-03   5254 
  86   3.217654409e-01   3.304e-03   1.05e-03   1.00e+00  1.255e-03   5219 
  87   3.216165058e-01   2.066e-03   4.63e-04   1.00e+00  1.217e-03   5215 
  88   3.213097063e-01   3.234e-03   9.54e-04   1.00e+00  1.158e-03   5188 
  89   3.211784981e-01   1.916e-03   4.08e-04   1.00e+00  1.121e-03   5154 
  90   3.208871486e-01   3.215e-03   9.07e-04   1.00e+00  1.139e-03   5144 
  91   3.208045354e-01   1.890e-03   2.57e-04   1.00e+00  1.320e-03   5113 
  92   3.204701332e-01   3.628e-03   1.04e-03   1.00e+00  1.251e-03   5124 
  93   3.204057878e-01   1.773e-03   2.01e-04   1.00e+00  1.225e-03   5125 
  94   3.200891130e-01   3.515e-03   9.88e-04   1.00e+00  1.163e-03   5113 
  95   3.200380706e-01   1.753e-03   1.59e-04   1.00e+00  1.081e-03   5109 
  96   3.197479340e-01   3.317e-03   9.07e-04   1.00e+00  9.603e-04   5113 
  97   3.196990939e-01   1.417e-03   1.53e-04   1.00e+00  9.316e-04   5085 
  98   3.194239888e-01   3.138e-03   8.61e-04   1.00e+00  9.543e-04   5105 
  99   3.193346178e-01   1.572e-03   2.80e-04   2.00e-01  4.462e-05   5135 
 100   3.192055671e-01   5.548e-04   4.04e-04   1.00e+00  8.369e-04   5043 
 101   3.188854537e-01   3.560e-03   1.00e-03   1.00e+00  8.887e-04   5049 
 102   3.188020262e-01   1.091e-03   2.62e-04   2.00e-01  5.128e-05   5068 
 103   3.184678000e-01   2.618e-04   1.05e-03   1.00e+00  4.003e-04   4985 
 104   3.183390044e-01   2.013e-03   4.04e-04   1.00e+00  1.754e-03   4938 
 105   3.180024397e-01   2.203e-03   1.06e-03   1.00e+00  2.355e-03   4951 
 106   3.177555410e-01   3.496e-03   7.76e-04   1.00e+00  1.397e-03   4990 
 107   3.176279586e-01   1.977e-03   4.02e-04   1.00e+00  1.168e-03   4993 
 108   3.174167049e-01   2.907e-03   6.65e-04   1.00e+00  5.064e-04   5008 
 109   3.173112470e-01   3.329e-04   3.32e-04   1.00e+00  3.235e-04   4982 
 110   3.172014365e-01   2.070e-03   3.46e-04   1.00e+00  8.268e-04   4941 
 111   3.171472223e-01   1.957e-03   1.71e-04   1.00e+00  1.520e-03   4952 
 112   3.168931697e-01   3.826e-03   8.01e-04   1.00e+00  1.318e-03   4908 
 113   3.167773080e-01   1.654e-03   3.66e-04   1.00e+00  7.823e-04   4936 
 114   3.166294693e-01   2.424e-03   4.67e-04   1.00e+00  6.248e-04   4921 
 115   3.165415015e-01   1.135e-03   2.78e-04   1.00e+00  6.665e-04   4904 
 116   3.164243695e-01   2.389e-03   3.70e-04   1.00e+00  8.481e-04   4877 
 117   3.163695649e-01   1.738e-03   1.73e-04   1.00e+00  1.097e-03   4852 
 118   3.161574723e-01   3.135e-03   6.70e-04   1.00e+00  7.190e-04   4853 
 119   3.161186134e-01   8.501e-04   1.23e-04   1.00e+00  5.803e-04   4814 
 120   3.159475469e-01   2.608e-03   5.41e-04   1.00e+00  5.826e-04   4804 
 121   3.159387012e-01   9.540e-04   2.80e-05   1.00e+00  7.234e-04   4798 
Elapsed time is 405444.208682 seconds.
