 Name of the problem: rcv1 con lambda = 10/N
 Number of variables:   47237  
 Number of observations:   677399  
-------------------------------------- 
Iter            f          ||g||      dif_f     alpha         s*y 
   0  2.1513622931e+00   3.14e-01                
   1  1.9439679799e+00   3.14e-01   9.64e-02   1.00e+00    1.531e-02  
   2  1.2738281741e+00   2.91e-01   3.44e-01   1.00e+00    1.175e+00  
   3  1.2683188648e+00   5.98e-03   4.33e-03   1.00e+00    6.016e-05  
   4  9.6184669196e-01   5.32e-03   2.42e-01   1.00e+00    2.751e-01  
   5  8.4913715283e-01   1.98e-02   1.17e-01   1.00e+00    6.277e-02  
   6  7.6580877886e-01   5.85e-03   9.81e-02   1.00e+00    5.227e-02  
   7  6.6934539471e-01   4.34e-03   1.26e-01   1.00e+00    4.169e-02  
   8  5.5584498647e-01   6.01e-04   1.70e-01   1.00e+00    5.662e-02  
   9  4.5951780970e-01   1.08e-02   1.73e-01   1.00e+00    9.228e-02  
  10  3.5689603710e-01   2.10e-02   2.23e-01   1.00e+00    1.866e-01  
  11  2.7694883863e-01   2.49e-02   2.24e-01   1.00e+00    1.598e-01  
  12  2.3851454737e-01   1.35e-02   1.39e-01   1.00e+00    3.016e-02  
  13  2.1330911801e-01   2.06e-03   1.06e-01   1.00e+00    2.175e-03  
  14  1.9487533137e-01   4.51e-03   8.64e-02   1.00e+00    8.920e-02  
  15  1.7385494923e-01   1.52e-02   1.08e-01   1.00e+00    6.132e-02  
  16  1.6776280217e-01   1.00e-02   3.50e-02   1.00e+00    4.066e-02  
  17  1.6482565126e-01   9.88e-03   1.75e-02   1.00e+00    4.580e-02  
  18  1.5776403506e-01   1.31e-02   4.28e-02   1.00e+00    1.862e-02  
  19  1.5657309175e-01   2.26e-03   7.55e-03   1.00e+00    1.250e-03  
  20  1.5500276048e-01   1.24e-03   1.00e-02   1.00e+00    4.757e-04  
  21  1.5058942737e-01   1.67e-04   2.85e-02   1.00e+00    6.336e-03  
  22  1.4990694214e-01   1.75e-03   4.53e-03   2.00e-01    1.912e-03  
  23  1.4872666490e-01   3.97e-03   7.87e-03   1.00e+00    2.998e-03  
  24  1.4801645952e-01   2.32e-03   4.78e-03   1.00e+00    2.605e-03  
  25  1.4712575971e-01   4.14e-03   6.02e-03   1.00e+00    9.759e-04  
  26  1.4622820982e-01   3.90e-04   6.10e-03   1.00e+00    2.651e-04  
  27  1.4447079742e-01   6.06e-05   1.20-02    1.00e+00    2.100e-03  
  28  1.4389135543e-01   2.15e-03   4.01e-03   1.00e+00    8.445e-04  
  29  1.4325371217e-01   1.35e-03   4.43e-03   1.00e+00    4.298e-04  
  30  1.4201714581e-01   7.96e-04   8.63e-03   1.00e+00    9.939e-04  
  31  1.4122986877e-01   2.12e-03   5.54e-03   1.00e+00    2.017e-03  
  32  1.4060933726e-01   2.71e-03   4.39e-03   1.00e+00    1.259e-03  
  33  1.4010764258e-01   1.71e-03   3.57e-03   1.00e+00    2.204e-04  
  34  1.3919333336e-01   2.37e-04   6.53e-03   1.00e+00    5.734e-04  
  35  1.3870790021e-01   1.01e-03   3.49e-03   1.00e+00    6.734e-04  
  36  1.3845676242e-01   1.76e-03   1.81e-03   1.00e+00    6.177e-04  
  37  1.3829873921e-01   1.14e-03   1.14e-03   1.00e+00    3.659e-04  
  38  1.3814670632e-01   1.17e-03   1.10e-03   1.00e+00    1.219e-04  
  39  1.3796517272e-01   3.72e-05   1.31e-03   1.00e+00    8.607e-05  
  40  1.3788637498e-01   2.55e-04   5.71e-04   1.00e+00    6.008e-04  
  41  1.3769425069e-01   2.27e-03   1.39e-03   1.00e+00    4.764e-04  
  42  1.3761581956e-01   4.22e-04   5.70e-04   1.00e+00    8.205e-05  
  43  1.3752529144e-01   4.92e-04   6.58e-04   1.00e+00    6.508e-05  
  44  1.3739556450e-01   3.40e-04   9.43e-04   1.00e+00    9.759e-05  
  45  1.3731328721e-01   6.40e-05   5.99e-04   1.00e+00    6.258e-05  
  46  1.3723616077e-01   5.98e-04   5.62e-04   1.00e+00    1.324e-04  
  47  1.3719745654e-01   6.05e-04   2.82e-04   1.00e+00    2.240e-04  
  48  1.3715047034e-01   1.15e-03   3.43e-04   1.00e+00    1.672e-04  
  49  1.3711905391e-01   3.99e-04   2.29e-04   1.00e+00    5.182e-05  
  50  1.3709051290e-01   4.39e-04   2.08e-04   1.00e+00    1.448e-05  
  51  1.3703364842e-01   4.19e-05   4.15e-04   1.00e+00    4.967e-05  
  52  1.3700247937e-01   1.17e-04   2.27e-04   1.00e+00    2.224e-05  
  53  1.3696672038e-01   3.46e-04   2.61e-04   1.00e+00    4.728e-05  
  54  1.3695301090e-01   3.34e-04   1.00e-04   1.00e+00    1.166e-04  
  55  1.3692263901e-01   8.93e-04   2.22e-04   1.00e+00    8.588e-05  
  56  1.3690873505e-01   2.04e-04   1.02e-04   1.00e+00    1.388e-05  
  57  1.3689043811e-01   2.04e-04   1.34e-04   1.00e+00    8.058e-06  
  58  1.3686093621e-01   4.48e-05   2.16e-04   1.00e+00    5.366e-05  
  59  1.3685514383e-01   4.87e-04   4.23e-05   1.00e+00    5.498e-05  
  60  1.3684549639e-01   4.48e-04   7.05e-05   1.00e+00    2.249e-05  
  61  1.3684149387e-01   1.23e-04   2.93e-05   1.00e+00    2.114e-06  
  62  1.3683245767e-01   4.49e-05   6.60e-05   1.00e+00    4.967e-06  
  63  1.3682184913e-01   8.65e-05   7.75e-05   1.00e+00    1.214e-05  
  64  1.3681687368e-01   1.87e-04   3.64e-05   1.00e+00    1.478e-05  
  65  1.3681281204e-01   2.41e-04   2.97e-05   1.00e+00    1.010e-05  
  66  1.3680909151e-01   1.32e-04   2.72e-05   1.00e+00    2.336e-06  
  67  1.3680273150e-01   2.64e-05   4.65e-05   1.00e+00    3.252e-06  
  68  1.3679981012e-01   2.62e-05   2.14e-05   2.00e-01    1.411e-05  
  69  1.3679384878e-01   3.57e-04   4.36e-05   1.00e+00    2.252e-05  
  70  1.3679137523e-01   2.03e-04   1.81e-05   1.00e+00    1.414e-05  
  71  1.3678818580e-01   2.57e-04   2.33e-05   1.00e+00    5.608e-06  
  72  1.3678567823e-01   2.25e-05   1.83e-05   1.00e+00    7.679e-07  
  73  1.3677855489e-01   6.00e-05   5.21e-05   1.00e+00    9.071e-06  
  74  1.3677727837e-01   1.20e-04   9.33e-06   1.00e+00    1.253e-05  
Elapsed time is 9056.062041 seconds.