 Name of the problem: Santander con lambda = 10/N
 Number of variables:    370  
 Number of observations:   76020  
-------------------------------------- 
 Iter        f              ||g||     dif_f       alpha     s*y 
   0    2.396383325e+00   1.943e-01          
   1   2.025549275e+00   1.943e-01   1.55e-01   1.00e+00  6.680e-02  
   2   1.075798582e+00   2.072e-01   4.69e-01   1.00e+00  4.235e+00  
   3   6.004369153e-01   1.957e-01   4.42e-01   1.00e+00  1.119e+00  
   4   5.260754707e-01   3.567e-02   1.24e-01   1.00e+00  4.047e-02  
   5   4.193908664e-01   3.006e-02   2.03e-01   1.00e+00  8.567e-02  
   6   3.337420972e-01   2.775e-02   2.04e-01   1.00e+00  8.187e-02  
   7   2.930702785e-01   9.795e-03   1.22e-01   1.00e+00  9.388e-02  
   8   2.746741269e-01   2.568e-02   6.28e-02   1.00e+00  2.094e-02  
   9   2.624683543e-01   7.914e-03   4.44e-02   1.00e+00  3.366e-03  
  10   2.366995392e-01   7.338e-03   9.82e-02   1.00e+00  9.678e-02  
  11   2.240472025e-01   2.973e-02   5.35e-02   1.00e+00  3.011e-02  
  12   2.216201784e-01   6.282e-03   1.08e-02   1.00e+00  6.829e-03  
  13   2.198829182e-01   9.636e-03   7.84e-03   1.00e+00  9.573e-03  
  14   2.177415504e-01   7.795e-03   9.74e-03   1.00e+00  3.291e-03  
  15   2.158395015e-01   4.150e-03   8.74e-03   1.00e+00  3.881e-04  
  16   2.089748017e-01   3.381e-03   3.18e-02   1.00e+00  1.529e-02  
  17   2.084158093e-01   6.021e-03   2.67e-03   1.00e+00  3.662e-02  
  18   1.998150368e-01   2.346e-02   4.13e-02   1.00e+00  1.794e-02  
  19   1.970843694e-01   3.823e-03   1.37e-02   1.00e+00  2.217e-03  
  20   1.925348709e-01   3.657e-03   2.31e-02   1.00e+00  9.387e-03  
  21   1.901195796e-01   6.023e-03   1.25e-02   1.00e+00  6.875e-03  
  22   1.887064158e-01   5.184e-03   7.43e-03   1.00e+00  6.350e-03  
  23   1.872151089e-01   6.240e-03   7.90e-03   1.00e+00  2.293e-03  
  24   1.858920384e-01   3.839e-03   7.07e-03   1.00e+00  6.631e-04  
  25   1.848286337e-01   2.729e-03   5.72e-03   2.00e-01  3.721e-04  
  26   1.847565763e-01   2.865e-03   3.90e-04   1.00e+00  1.378e-02  
  27   1.822937280e-01   8.281e-03   1.33e-02   1.00e+00  1.327e-02  
  28   1.811744317e-01   6.087e-03   6.14e-03   1.00e+00  2.677e-03  
  29   1.803689629e-01   2.459e-03   4.45e-03   1.00e+00  7.612e-04  
  30   1.789537014e-01   2.209e-03   7.85e-03   1.00e+00  9.089e-04  
  31   1.781772545e-01   2.091e-03   4.34e-03   2.00e-01  5.247e-04  
  32   1.773234173e-01   2.552e-03   4.79e-03   1.00e+00  7.551e-03  
  33   1.753141772e-01   9.329e-03   1.13e-02   1.00e+00  5.858e-03  
  34   1.751785389e-01   6.721e-03   7.74e-04   1.00e+00  4.650e-03  
  35   1.737367096e-01   3.926e-03   8.23e-03   1.00e+00  2.080e-03  
  36   1.733621051e-01   3.167e-03   2.16e-03   1.00e+00  5.302e-03  
  37   1.714424102e-01   6.671e-03   1.11e-02   1.00e+00  7.891e-03  
  38   1.701845329e-01   5.229e-03   7.34e-03   1.00e+00  3.497e-03  
  39   1.695287492e-01   3.083e-03   3.85e-03   1.00e+00  4.818e-03  
  40   1.679499118e-01   6.755e-03   9.31e-03   1.00e+00  4.137e-03  
  41   1.674474301e-01   2.757e-03   2.99e-03   2.00e-01  2.398e-04  
  42   1.659414175e-01   2.013e-03   8.99e-03   1.00e+00  4.162e-03  
  43   1.645916073e-01   5.756e-03   8.13e-03   1.00e+00  3.758e-03  
  44   1.634668652e-01   2.603e-03   6.83e-03   1.00e+00  2.395e-03  
  45   1.627190914e-01   3.866e-03   4.57e-03   1.00e+00  3.478e-03  
  46   1.620227798e-01   3.445e-03   4.28e-03   1.00e+00  4.221e-03  
  47   1.611125978e-01   4.555e-03   5.62e-03   1.00e+00  1.708e-03  
  48   1.603852207e-01   1.449e-03   4.51e-03   1.00e+00  8.737e-04  
  49   1.600378716e-01   2.145e-03   2.17e-03   1.00e+00  1.650e-03  
  50   1.597366762e-01   3.869e-03   1.88e-03   2.00e-01  1.721e-04  
  51   1.595968396e-01   2.315e-03   8.75e-04   1.00e+00  1.634e-03  
  52   1.593063504e-01   3.535e-03   1.82e-03   1.00e+00  1.410e-03  
  53   1.591148796e-01   2.126e-03   1.20e-03   1.00e+00  2.878e-04  
  54   1.588186900e-01   1.083e-03   1.86e-03   1.00e+00  1.370e-04  
  55   1.582216851e-01   1.637e-03   3.76e-03   1.00e+00  9.705e-04  
  56   1.580611469e-01   2.483e-03   1.01e-03   2.00e-01  7.634e-05  
  57   1.579194116e-01   1.406e-03   8.97e-04   2.00e-01  7.902e-05  
  58   1.578725520e-01   1.392e-03   2.97e-04   1.00e+00  1.291e-03  
  59   1.575414052e-01   3.162e-03   2.10e-03   2.00e-01  1.863e-04  
  60   1.573772013e-01   2.159e-03   1.04e-03   2.00e-01  1.109e-04  
  61   1.571552541e-01   1.713e-03   1.41e-03   1.00e+00  1.404e-04  
  62   1.569733019e-01   1.186e-03   1.16e-03   2.00e-01  1.780e-04  
  63   1.568411030e-01   1.537e-03   8.42e-04   2.00e-01  1.374e-04  
  64   1.567485027e-01   1.130e-03   5.90e-04   1.00e+00  1.282e-03  
  65   1.563425803e-01   3.970e-03   2.59e-03   2.00e-01  2.096e-04  
  66   1.561116728e-01   2.305e-03   1.48e-03   2.00e-01  2.899e-04  
  67   1.559864525e-01   1.163e-03   8.02e-04   2.00e-01  1.108e-04  
  68   1.558887962e-01   9.182e-04   6.26e-04   2.00e-01  1.438e-04  
  69   1.557835418e-01   1.464e-03   6.75e-04   2.00e-01  1.183e-04  
  70   1.556946853e-01   8.688e-04   5.70e-04   2.00e-01  1.050e-04  
  71   1.555693889e-01   1.381e-03   8.05e-04   2.00e-01  1.462e-04  
  72   1.554749411e-01   1.116e-03   6.07e-04   2.00e-01  2.255e-04  
  73   1.553483450e-01   1.891e-03   8.14e-04   2.00e-01  1.953e-04  
  74   1.552589198e-01   1.014e-03   5.76e-04   2.00e-01  1.706e-04  
  75   1.551433070e-01   1.912e-03   7.45e-04   2.00e-01  1.225e-04  
  76   1.550173650e-01   9.223e-04   8.12e-04   2.00e-01  5.066e-05  
  77   1.548511921e-01   1.049e-03   1.07e-03   2.00e-01  1.428e-04  
  78   1.546763344e-01   1.451e-03   1.13e-03   2.00e-01  3.666e-04  
  79   1.545710741e-01   1.745e-03   6.81e-04   2.00e-01  5.186e-04  
  80   1.544448442e-01   1.730e-03   8.17e-04   2.00e-01  7.144e-04  
  81   1.543147527e-01   1.946e-03   8.42e-04   2.00e-01  4.383e-04  
  82   1.542551423e-01   1.256e-03   3.86e-04   2.00e-01  3.712e-04  
  83   1.541692779e-01   1.894e-03   5.57e-04   2.00e-01  1.554e-04  
  84   1.541232424e-01   1.155e-03   2.99e-04   2.00e-01  7.150e-05  
  85   1.540977985e-01   7.618e-04   1.65e-04   1.00e+00  4.296e-04  
  86   1.539296831e-01   1.931e-03   1.09e-03   1.00e+00  2.504e-04  
  87   1.538127061e-01   1.143e-03   7.60e-04   1.00e+00  1.808e-04  
  88   1.537280406e-01   9.133e-04   5.50e-04   1.00e+00  1.512e-04  
  89   1.536923153e-01   9.142e-04   2.32e-04   2.00e-01  2.393e-05  
  90   1.535565091e-01   6.550e-04   8.84e-04   1.00e+00  1.013e-04  
  91   1.535053007e-01   1.004e-03   3.33e-04   2.00e-01  2.271e-04  
  92   1.534379912e-01   1.452e-03   4.38e-04   2.00e-01  2.296e-04  
  93   1.533885847e-01   1.215e-03   3.22e-04   2.00e-01  1.182e-04  
  94   1.533505348e-01   1.076e-03   2.48e-04   2.00e-01  8.989e-05  
  95   1.533116468e-01   1.020e-03   2.54e-04   2.00e-01  1.008e-04  
  96   1.532729811e-01   1.109e-03   2.52e-04   2.00e-01  9.996e-05  
  97   1.532337398e-01   9.902e-04   2.56e-04   2.00e-01  8.991e-05  
  98   1.531946233e-01   1.030e-03   2.55e-04   2.00e-01  8.206e-05  
  99   1.531546673e-01   9.250e-04   2.61e-04   2.00e-01  8.980e-05  
 100   1.531228160e-01   9.687e-04   2.08e-04   2.00e-01  1.037e-04  
 101   1.530848641e-01   1.014e-03   2.48e-04   2.00e-01  7.901e-05  
 102   1.530527387e-01   8.092e-04   2.10e-04   2.00e-01  6.767e-05  
 103   1.530096870e-01   7.922e-04   2.81e-04   2.00e-01  6.833e-05  
 104   1.529729388e-01   6.756e-04   2.40e-04   2.00e-01  8.223e-05  
 105   1.529312334e-01   8.826e-04   2.73e-04   2.00e-01  1.099e-04  
 106   1.529037205e-01   8.696e-04   1.80e-04   2.00e-01  1.325e-04  
 107   1.528620699e-01   1.058e-03   2.72e-04   2.00e-01  1.140e-04  
 108   1.528304685e-01   7.667e-04   2.07e-04   2.00e-01  9.200e-05  
 109   1.527878414e-01   9.447e-04   2.79e-04   2.00e-01  6.988e-05  
 110   1.527498953e-01   7.163e-04   2.48e-04   2.00e-01  5.986e-05  
 111   1.527077909e-01   7.980e-04   2.76e-04   2.00e-01  9.006e-05  
 112   1.526684286e-01   8.612e-04   2.58e-04   2.00e-01  1.126e-04  
 113   1.526293318e-01   9.192e-04   2.56e-04   2.00e-01  1.213e-04  
 114   1.525999892e-01   8.708e-04   1.92e-04   2.00e-01  1.071e-04  
 115   1.525661890e-01   7.777e-04   2.21e-04   2.00e-01  1.054e-04  
 116   1.525376322e-01   8.572e-04   1.87e-04   2.00e-01  8.363e-05  
 117   1.525055965e-01   6.631e-04   2.10e-04   2.00e-01  6.704e-05  
 118   1.524671506e-01   6.572e-04   2.52e-04   2.00e-01  5.918e-05  
 119   1.524338269e-01   5.524e-04   2.19e-04   2.00e-01  8.042e-05  
 120   1.523991450e-01   7.330e-04   2.28e-04   2.00e-01  1.250e-04  
 121   1.523646988e-01   9.620e-04   2.26e-04   2.00e-01  1.256e-04  
 122   1.523322421e-01   7.759e-04   2.13e-04   2.00e-01  9.495e-05  
 123   1.523055423e-01   7.874e-04   1.75e-04   2.00e-01  8.251e-05  
 124   1.522674150e-01   7.541e-04   2.50e-04   2.00e-01  6.098e-05  
 125   1.522352736e-01   6.571e-04   2.11e-04   2.00e-01  6.300e-05  
 126   1.521958379e-01   7.801e-04   2.59e-04   2.00e-01  8.696e-05  
 127   1.521680667e-01   8.444e-04   1.82e-04   2.00e-01  1.358e-04  
 128   1.521362435e-01   9.969e-04   2.09e-04   2.00e-01  1.822e-04  
 129   1.520973143e-01   9.914e-04   2.56e-04   2.00e-01  1.538e-04  
 130   1.520630721e-01   8.692e-04   2.25e-04   2.00e-01  1.184e-04  
 131   1.520275794e-01   8.422e-04   2.33e-04   2.00e-01  1.057e-04  
 132   1.519860043e-01   8.383e-04   2.73e-04   2.00e-01  8.952e-05  
 133   1.519456548e-01   7.912e-04   2.65e-04   2.00e-01  8.653e-05  
 134   1.519049546e-01   8.403e-04   2.68e-04   2.00e-01  1.072e-04  
 135   1.518607500e-01   8.787e-04   2.91e-04   2.00e-01  1.286e-04  
 136   1.518192568e-01   9.489e-04   2.73e-04   2.00e-01  1.376e-04  
 137   1.517905684e-01   8.383e-04   1.89e-04   2.00e-01  1.784e-04  
 138   1.517526367e-01   1.174e-03   2.50e-04   2.00e-01  2.031e-04  
 139   1.517227461e-01   1.006e-03   1.97e-04   2.00e-01  1.719e-04  
 140   1.516799912e-01   1.096e-03   2.82e-04   2.00e-01  1.106e-04  
 141   1.516599565e-01   6.936e-04   1.32e-04   2.00e-01  1.065e-04  
 142   1.516154304e-01   1.132e-03   2.94e-04   2.00e-01  7.768e-05  
 143   1.515803565e-01   6.850e-04   2.31e-04   2.00e-01  1.814e-05  
 144   1.514212140e-01   3.332e-04   1.05e-03   1.00e+00  4.640e-05  
 145   1.513849130e-01   6.324e-04   2.40e-04   2.00e-01  3.619e-04  
 146   1.513305235e-01   1.329e-03   3.59e-04   2.00e-01  7.513e-04  
 147   1.512231288e-01   1.754e-03   7.10e-04   2.00e-01  6.727e-04  
 148   1.512013248e-01   1.290e-03   1.44e-04   2.00e-01  6.327e-04  
 149   1.510946117e-01   1.688e-03   7.06e-04   2.00e-01  5.148e-04  
 150   1.510575893e-01   1.078e-03   2.45e-04   4.00e-02  1.914e-05  
 151   1.510318564e-01   8.382e-04   1.70e-04   4.00e-02  1.141e-05  
 152   1.510170409e-01   5.776e-04   9.81e-05   2.00e-01  2.138e-04  
 153   1.509664396e-01   1.611e-03   3.35e-04   2.00e-01  2.292e-04  
 154   1.509287950e-01   7.940e-04   2.49e-04   2.00e-01  1.462e-04  
 155   1.509022736e-01   8.393e-04   1.76e-04   2.00e-01  5.612e-05  
 156   1.508803869e-01   4.486e-04   1.45e-04   1.00e+00  2.029e-04  
 157   1.508142165e-01   9.366e-04   4.39e-04   2.00e-01  5.780e-05  
 158   1.507813083e-01   5.434e-04   2.18e-04   2.00e-01  5.002e-05  
 159   1.507620050e-01   8.306e-04   1.28e-04   2.00e-01  6.151e-05  
 160   1.507380831e-01   8.374e-04   1.59e-04   2.00e-01  8.388e-05  
 161   1.507152150e-01   1.014e-03   1.52e-04   2.00e-01  9.858e-05  
 162   1.506923871e-01   8.863e-04   1.51e-04   2.00e-01  1.192e-04  
 163   1.506684058e-01   1.177e-03   1.59e-04   2.00e-01  1.186e-04  
 164   1.506406765e-01   9.284e-04   1.84e-04   2.00e-01  9.159e-05  
 165   1.506216313e-01   1.049e-03   1.26e-04   2.00e-01  8.367e-05  
 166   1.505934764e-01   8.980e-04   1.87e-04   2.00e-01  6.240e-05  
 167   1.505646888e-01   8.968e-04   1.91e-04   2.00e-01  2.584e-05  
 168   1.505350951e-01   4.870e-04   1.97e-04   2.00e-01  4.431e-05  
 169   1.505097742e-01   9.637e-04   1.68e-04   2.00e-01  1.128e-04  
 170   1.504689187e-01   9.312e-04   2.71e-04   2.00e-01  1.380e-04  
 171   1.504348357e-01   1.083e-03   2.27e-04   2.00e-01  1.347e-04  
 172   1.504039519e-01   9.551e-04   2.05e-04   2.00e-01  1.527e-04  
 173   1.503781809e-01   1.061e-03   1.71e-04   2.00e-01  1.428e-04  
 174   1.503600236e-01   7.250e-04   1.21e-04   2.00e-01  1.492e-04  
 175   1.503295883e-01   9.916e-04   2.02e-04   2.00e-01  1.338e-04  
 176   1.503098965e-01   6.423e-04   1.31e-04   2.00e-01  1.169e-04  
 177   1.502788000e-01   8.311e-04   2.07e-04   2.00e-01  1.034e-04  
 178   1.502531983e-01   6.224e-04   1.70e-04   2.00e-01  7.196e-05  
 179   1.502263762e-01   5.171e-04   1.79e-04   2.00e-01  5.805e-05  
 180   1.502030886e-01   5.942e-04   1.55e-04   2.00e-01  5.684e-05  
 181   1.501748179e-01   5.720e-04   1.88e-04   2.00e-01  7.176e-05  
 182   1.501432408e-01   6.453e-04   2.10e-04   2.00e-01  7.791e-05  
 183   1.501094164e-01   6.915e-04   2.25e-04   2.00e-01  8.409e-05  
 184   1.500744380e-01   6.824e-04   2.33e-04   2.00e-01  1.069e-04  
 185   1.500314772e-01   7.982e-04   2.86e-04   2.00e-01  1.141e-04  
 186   1.499950401e-01   6.977e-04   2.43e-04   2.00e-01  1.343e-04  
 187   1.499570384e-01   8.553e-04   2.53e-04   2.00e-01  8.664e-05  
 188   1.499397696e-01   4.344e-04   1.15e-04   2.00e-01  5.646e-05  
 189   1.499088978e-01   7.578e-04   2.06e-04   2.00e-01  5.879e-05  
 190   1.499005407e-01   5.687e-04   5.57e-05   4.00e-02  4.889e-06  
 191   1.498601357e-01   4.602e-04   2.70e-04   2.00e-01  2.113e-05  
 192   1.498162341e-01   6.565e-04   2.93e-04   2.00e-01  4.980e-05  
 193   1.497965134e-01   7.684e-04   1.32e-04   4.00e-02  9.906e-06  
 194   1.497807045e-01   5.634e-04   1.06e-04   4.00e-02  7.244e-06  
 195   1.494458848e-01   3.540e-04   2.24e-03   1.00e+00  1.949e-04  
 196   1.493968012e-01   1.621e-03   3.28e-04   4.00e-02  2.605e-05  
 197   1.493659553e-01   1.385e-03   2.06e-04   4.00e-02  3.928e-05  
 198   1.493484963e-01   1.541e-03   1.17e-04   4.00e-02  6.680e-05  
 199   1.493154017e-01   1.328e-03   2.22e-04   4.00e-02  1.036e-04  
 200   1.492897139e-01   1.488e-03   1.72e-04   4.00e-02  3.808e-05  
 201   1.492722013e-01   1.252e-03   1.17e-04   4.00e-02  2.550e-05  
 202   1.492534300e-01   1.261e-03   1.26e-04   4.00e-02  4.942e-05  
 203   1.492495810e-01   9.968e-04   2.58e-05   4.00e-02  1.055e-04  
 204   1.492203287e-01   1.133e-03   1.96e-04   4.00e-02  1.041e-04  
 205   1.492055238e-01   9.067e-04   9.92e-05   4.00e-02  7.951e-05  
 206   1.491772632e-01   1.081e-03   1.89e-04   2.00e-01  5.798e-05  
 207   1.491451332e-01   6.770e-04   2.15e-04   1.00e+00  4.164e-05  
 208   1.491295180e-01   9.054e-04   1.05e-04   2.00e-01  1.957e-05  
 209   1.490909763e-01   4.022e-04   2.58e-04   1.00e+00  2.986e-05  
 210   1.490735392e-01   6.697e-04   1.17e-04   2.00e-01  3.759e-05  
 211   1.490564976e-01   7.313e-04   1.14e-04   2.00e-01  4.753e-05  
 212   1.490426724e-01   8.255e-04   9.28e-05   2.00e-01  4.313e-05  
 213   1.490274706e-01   6.529e-04   1.02e-04   2.00e-01  3.722e-05  
 214   1.490164372e-01   7.759e-04   7.40e-05   2.00e-01  3.787e-05  
 215   1.490057508e-01   6.171e-04   7.17e-05   2.00e-01  4.965e-05  
 216   1.489910256e-01   7.990e-04   9.88e-05   2.00e-01  4.384e-05  
 217   1.489809841e-01   5.846e-04   6.74e-05   2.00e-01  4.523e-05  
 218   1.489647458e-01   7.810e-04   1.09e-04   2.00e-01  4.801e-05  
 219   1.489562047e-01   6.315e-04   5.73e-05   2.00e-01  5.548e-05  
 220   1.489375215e-01   7.754e-04   1.25e-04   2.00e-01  4.853e-05  
 221   1.489268803e-01   5.929e-04   7.14e-05   2.00e-01  3.938e-05  
 222   1.489114720e-01   6.904e-04   1.03e-04   2.00e-01  3.514e-05  
 223   1.489024612e-01   5.674e-04   6.05e-05   2.00e-01  3.286e-05  
 224   1.488881627e-01   6.635e-04   9.60e-05   2.00e-01  2.990e-05  
 225   1.488763324e-01   5.454e-04   7.95e-05   2.00e-01  1.745e-05  
 226   1.488598343e-01   5.022e-04   1.11e-04   2.00e-01  1.040e-05  
 227   1.488154061e-01   4.765e-04   2.98e-04   1.00e+00  1.742e-04  
 228   1.487726490e-01   1.132e-03   2.87e-04   2.00e-01  4.406e-05  
 229   1.487312257e-01   5.161e-04   2.78e-04   1.00e+00  1.444e-04  
 230   1.487026942e-01   1.179e-03   1.92e-04   2.00e-01  2.434e-05  
 231   1.486907317e-01   5.447e-04   8.04e-05   2.00e-01  3.442e-05  
 232   1.486775959e-01   7.859e-04   8.83e-05   2.00e-01  4.642e-05  
 233   1.486698309e-01   6.900e-04   5.22e-05   2.00e-01  1.708e-05  
 234   1.486582609e-01   4.799e-04   7.78e-05   2.00e-01  1.188e-05  
 235   1.486497240e-01   5.435e-04   5.74e-05   2.00e-01  2.470e-05  
 236   1.486484579e-01   6.188e-04   8.52e-06   2.00e-01  6.808e-05  
Elapsed time is 170.218342 seconds.